{
 "cells": [
  {
   "cell_type": "code",
   "execution_count": 1,
   "metadata": {},
   "outputs": [],
   "source": [
    "import numpy as np"
   ]
  },
  {
   "cell_type": "code",
   "execution_count": 3,
   "metadata": {},
   "outputs": [],
   "source": [
    "A = np.array([\n",
    "  [1, -1, 2],\n",
    "  [3, 2, 2],\n",
    "  [4, 1, 2]\n",
    "])\n",
    "\n",
    "B = np.random.rand(3, 3)"
   ]
  },
  {
   "cell_type": "code",
   "execution_count": 5,
   "metadata": {},
   "outputs": [
    {
     "data": {
      "text/plain": [
       "(array([[ 1, -1,  2],\n",
       "        [ 3,  2,  2],\n",
       "        [ 4,  1,  2]]),\n",
       " array([[0.64666224, 0.42784276, 0.39636295],\n",
       "        [0.60232116, 0.60897701, 0.42580826],\n",
       "        [0.90456771, 0.82403619, 0.06574215]]))"
      ]
     },
     "execution_count": 5,
     "metadata": {},
     "output_type": "execute_result"
    }
   ],
   "source": [
    "A, B"
   ]
  },
  {
   "cell_type": "code",
   "execution_count": 6,
   "metadata": {},
   "outputs": [
    {
     "data": {
      "text/plain": [
       "array([[ 1.64666224, -0.57215724,  2.39636295],\n",
       "       [ 3.60232116,  2.60897701,  2.42580826],\n",
       "       [ 4.90456771,  1.82403619,  2.06574215]])"
      ]
     },
     "execution_count": 6,
     "metadata": {},
     "output_type": "execute_result"
    }
   ],
   "source": [
    "A + B"
   ]
  },
  {
   "cell_type": "code",
   "execution_count": 7,
   "metadata": {},
   "outputs": [
    {
     "data": {
      "text/plain": [
       "array([[ 5, -5, 10],\n",
       "       [15, 10, 10],\n",
       "       [20,  5, 10]])"
      ]
     },
     "execution_count": 7,
     "metadata": {},
     "output_type": "execute_result"
    }
   ],
   "source": [
    "5 * A"
   ]
  },
  {
   "cell_type": "code",
   "execution_count": 8,
   "metadata": {},
   "outputs": [
    {
     "data": {
      "text/plain": [
       "array([[1.85347651, 1.46693813, 0.10203899],\n",
       "       [4.95376445, 4.14955469, 2.17218969],\n",
       "       [4.99810553, 3.96842044, 2.14274438]])"
      ]
     },
     "execution_count": 8,
     "metadata": {},
     "output_type": "execute_result"
    }
   ],
   "source": [
    "np.dot(A, B)"
   ]
  },
  {
   "cell_type": "code",
   "execution_count": 9,
   "metadata": {},
   "outputs": [
    {
     "data": {
      "text/plain": [
       "array([[1.85347651, 1.46693813, 0.10203899],\n",
       "       [4.95376445, 4.14955469, 2.17218969],\n",
       "       [4.99810553, 3.96842044, 2.14274438]])"
      ]
     },
     "execution_count": 9,
     "metadata": {},
     "output_type": "execute_result"
    }
   ],
   "source": [
    "A @ B"
   ]
  },
  {
   "cell_type": "code",
   "execution_count": 10,
   "metadata": {},
   "outputs": [
    {
     "data": {
      "text/plain": [
       "array([[ 4.14680098,  1.32262365,  2.8947649 ],\n",
       "       [ 9.15840676,  7.36750871,  5.02380621],\n",
       "       [10.80724095,  6.61649282,  4.27422868]])"
      ]
     },
     "execution_count": 10,
     "metadata": {},
     "output_type": "execute_result"
    }
   ],
   "source": [
    "A @ B + (A + 2 * B)"
   ]
  }
 ],
 "metadata": {
  "kernelspec": {
   "display_name": "Python 3",
   "language": "python",
   "name": "python3"
  },
  "language_info": {
   "codemirror_mode": {
    "name": "ipython",
    "version": 3
   },
   "file_extension": ".py",
   "mimetype": "text/x-python",
   "name": "python",
   "nbconvert_exporter": "python",
   "pygments_lexer": "ipython3",
   "version": "3.10.11"
  }
 },
 "nbformat": 4,
 "nbformat_minor": 2
}
